0.000000
0.792491
0.000000
0.000000
0.000000
0.000000
0.000000
0.000000
0.000000
0.000000
0.000000
0.000000
0.000000
-0.995512
0.000000
0.850581
-0.125594
0.000000
0.000000
0.000000
-0.003431
0.000000
0.000000
0.780270
0.000000
0.000000
0.000000
0.000000
0.000000
-0.098913
0.371122
0.000000
0.955284
0.304413
0.000000
0.787827
-0.649351
-0.584949
0.000000
0.000000
0.000000
0.000000
0.000000
0.000000
0.000000
0.000000
0.000000
0.000000
0.000000
0.000000
0.224579
-0.854385
0.000000
-0.916975
0.000000
0.000000
0.559998
0.000000
0.000000
0.000000
0.000000
0.000000
0.000000
-0.042288
0.000000
0.000000
0.000000
0.000000
0.000000
0.531960
0.000000
0.000000
0.000000
0.000000
-0.195094
0.000000
0.000000
0.000000
0.000000
0.000000
0.000000
0.000000
0.000000
0.000000
0.000000
-0.793213
0.000000
0.000000
0.000000
0.000000
0.000000
0.000000
-0.546586
0.000000
-0.197298
-0.338211
0.000000
0.000000
0.000000
0.125909
0.000000
0.000000
0.000000
0.849175
-0.669452
0.000000
0.000000
0.000000
0.000000
0.771661
0.000000
0.000000
0.000000
0.000000
-0.905387
0.000000
0.000000
0.000000
0.611285
0.000000
0.000000
-0.960746
0.000000
0.000000
0.000000
0.000000
0.000000
0.000000
0.000000
0.000000
0.000000
0.000000
0.000000
0.000000
0.000000
0.000000
0.000000
0.855354
0.000000
0.000000
0.990872
0.000000
0.000000
0.000000
0.000000
0.000000
0.000000
0.000000
0.000000
0.000000
0.219403
0.399812
0.000000
0.000000
0.000000
0.000000
0.000000
0.000000
0.000000
0.000000
0.000000
-0.900967
0.000000
0.000000
0.000000
-0.700637
0.000000
-0.481168
0.000000
0.000000
-0.904808
0.000000
0.000000
-0.983457
0.872976
0.000000
0.000000
0.572084
0.751201
0.547824
0.000000
0.000000
0.000000
0.000000
0.000000
0.681162
0.000000
0.000000
0.000000
0.000000
0.000000
0.000000
0.647603
0.000000
0.000000
0.000000
0.000000
-0.425982
0.798302
0.000000
0.000000
-0.165121
0.000000
0.000000
0.000000
0.000000
0.000000
0.000000
0.000000
0.000000
0.000000
0.000000
0.000000
0.000000
0.000000
0.000000
0.565626
-0.193338
0.000000
0.000000
0.000000
0.000000
0.000000
0.000000
0.000000
0.000000
0.000000
-0.679764
0.000000
0.000000
0.000000
0.000000
0.000000
0.000000
0.000000
-0.826309
-0.557522
0.618866
0.000000
0.000000
0.000000
-0.657231
0.000000
0.000000
0.000000
0.000000
-0.711720
0.000000
0.000000
0.000000
0.000000
0.000000
0.000000
-0.569904
0.000000
0.000000
0.000000
0.657731
0.000000
-0.579852
0.000000
0.000000
0.000000
0.000000
0.000000
-0.558363
0.000000
0.000000
0.000000
0.000000
0.000000
0.601044
0.000000
0.000000
0.000000
0.000000
0.000000
0.554475
0.000000
0.000000
0.000000
0.000000
0.000000
0.000000
0.000000
0.000000
0.000000
-0.033508
0.000000
0.000000
0.000000
0.000000
0.000000
0.000000
0.000000
0.000000
0.000000
0.000000
0.431707
-0.284220
0.001478
0.000000
0.000000
0.000000
0.000000
0.000000
0.000000
0.000000
0.000000
0.000000
0.000000
0.000000
0.000000
0.000000
0.000000
0.000000
0.000000
0.000000
0.000000
0.000000
0.000000
0.000000
0.066658
0.000000
0.000000
-0.035753
0.000000
0.000000
-0.876590
0.476911
0.000000
0.496052
0.000000
0.000000
0.000000
0.000000
0.000000
0.000000
0.000000
0.000000
0.000000
0.000000
0.000000
0.021592
0.000000
0.000000
0.000000
0.000000
0.160644
0.000000
0.962842
0.255788
0.000000
0.393183
0.000000
0.000000
0.000000
0.000000
0.000000
0.000000
0.000000
0.000000
0.000000
0.000000
0.000000
0.000000
0.000000
0.000000
0.000000
-0.392517
0.000000
0.000000
0.000000
0.000000
0.738505
0.000000
-0.284802
0.000000
0.000000
0.000000
0.146746
0.000000
0.546449
0.000000
0.000000
0.000000
0.318627
0.872749
0.000000
0.000000
0.340536
0.000000
0.000000
0.000000
0.000000
0.000000
0.000000
0.000000
0.000000
0.000000
0.000000
0.000000
0.000000
0.000000
0.000000
0.000000
0.870438
-0.816675
0.000000
0.521062
0.000000
-0.610187
0.000000
-0.577144
0.400449
0.000000
0.000000
0.000000
0.000000
0.000000
0.000000
0.632463
0.771228
0.000000
-0.414054
0.000000
-0.968611
0.000000
-0.523866
0.000000
0.000000
0.000000
0.000000
0.000000
0.000000
0.000000
0.000000
0.000000
0.000000
0.000000
0.000000
0.000000
0.000000
0.000000
0.000000
0.000000
0.000000
0.000000
0.000000
0.000000
0.000000
0.484087
-0.294935
0.000000
0.000000
0.000000
0.056017
0.000000
0.000000
0.000000
0.000000
0.000000
0.000000
0.000000
0.000000
0.000000
0.864186
0.000000
0.000000
0.000000
0.000000
0.000000
-0.223071
0.000000
0.000000
0.000000
0.000000
0.000000
0.000000
0.395871
0.000000
0.000000
0.000000
0.000000
0.000000
0.000000
0.000000
0.819798
0.000000
0.000000
-0.443489
0.000000
-0.063740
0.371827
0.000000
0.000000
-0.026891
0.000000
0.000000
0.000000
0.000000
0.000000
0.000000
0.000000
-0.274812
0.000000
0.000000
0.000000
0.000000
0.000000
0.000000
0.000000
0.000000
0.000000
0.503961
0.000000
-0.391803
0.000000
0.000000
0.000000
0.000000
0.000000
0.000000
0.000000
0.000000
0.000000
-0.498836
0.000000
0.578965
0.000000
0.000000
0.000000
-0.857020
0.000000
0.000000
0.000000
0.461242
0.000000
0.000000
0.000000
0.000000
0.000000
0.000000
0.197890
0.000000
0.308058
0.000000
0.632441
0.000000
0.000000
0.000000
0.000000
0.000000
0.000000
0.000000
-0.682760
0.000000
0.000000
0.000000
0.000000
0.000000
0.000000
0.816162
0.000000
0.000000
0.000000
0.000000
0.000000
0.000000
0.000000
0.000000
-0.890898
-0.008756
0.000000
0.000000
0.000000
0.000000
0.000000
0.000000
0.000000
-0.078151
0.000000
0.000000
0.000000
0.000000
0.000000
0.994731
-0.715788
0.000000
0.000000
0.000000
0.000000
0.000000
-0.096976
0.000000
0.000000
0.000000
0.000000
0.900833
0.000000
0.000000
0.000000
0.000000
0.000000
-0.640887
0.000000
0.000000
0.000000
0.000000
0.000000
0.000000
0.000000
0.000000
0.000000
0.000000
0.000000
-0.177899
0.000000
0.000000
0.644035
0.000000
0.000000
0.000000
0.323208
0.000000
0.000000
0.423968
0.000000
0.000000
0.000000
0.893028
0.000000
0.000000
0.000000
0.248215
-0.055867
0.000000
0.000000
0.769791
0.000000
0.000000
0.000000
-0.214624
-0.475516
-0.458773
0.000000
0.000000
0.000000
-0.149236
0.000000
0.000000
0.000000
0.302694
0.000000
0.000000
0.000000
0.000000
0.000000
0.000000
-0.732320
0.000000
0.315220
0.000000
0.920721
-0.933254
0.000000
0.000000
0.000000
0.483029
0.000000
0.000000
0.000000
0.000000
0.000000
0.000000
0.000000
0.000000
0.000000
-0.010026
0.000000
0.000000
0.000000
0.000000
0.000000
0.267016
0.000000
0.000000
0.000000
0.000000
0.000000
0.000000
0.000000
0.000000
0.000000
0.000000
0.000000
0.000000
0.000000
0.000000
0.000000
0.000000
0.000000
0.000000
0.000000
0.000000
0.000000
0.000000
0.000000
0.000000
0.000000
0.000000
0.000000
-0.900468
0.000000
0.000000
0.000000
0.000000
0.000000
0.000000
0.000000
0.000000
0.000000
0.000000
0.000000
0.000000
0.408910
0.000000
0.000000
0.182995
-0.022530
0.000000
0.000000
0.000000
0.000000
0.000000
0.000000
0.000000
0.000000
0.000000
0.250942
0.000000
-0.177983
0.000000
-0.159512
0.000000
0.000000
0.000000
0.000000
0.538425
0.000000
-0.976031
0.000000
0.255307
0.371359
0.000000
0.000000
0.000000
0.000000
0.000000
0.000000
0.000000
0.000000
-0.233144
0.000000
0.000000
0.000000
-0.671966
0.000000
0.000000
0.000000
0.000000
0.000000
0.000000
0.000000
-0.709004
0.287656
0.000000
-0.981030
0.000000
0.000000
0.000000
0.000000
0.000000
0.000000
0.000000
0.000000
0.000000
0.000000
0.136565
-0.595407
0.000000
0.000000
0.173013
0.000000
0.817954
0.000000
0.000000
0.000000
0.000000
0.000000
0.000000
0.000000
0.000000
0.000000
0.000000
0.000000
0.000000
0.000000
-0.533034
-0.248871
0.000000
0.185607
0.000000
0.000000
-0.011806
0.000000
0.000000
0.000000
-0.763029
0.000000
0.000000
0.000000
0.000000
0.567854
0.206472
0.000000
0.000000
0.311090
0.000000
0.000000
0.000000
0.000000
-0.606692
0.000000
0.000000
-0.681626
0.000000
0.000000
0.402727
0.000000
-0.584232
0.000000
0.000000
0.000000
0.000000
0.000000
0.321431
0.000000
0.000000
0.198435
0.000000
0.000000
0.994187
0.000000
0.464137
-0.774159
0.000000
0.000000
0.000000
0.000000
0.000000
-0.015560
0.000000
0.000000
0.000000
0.000000
0.000000
0.000000
-0.544900
0.000000
0.560119
-0.224620
0.000000
0.000000
0.000000
0.000000
0.000000
0.000000
0.000000
-0.981806
0.000000
0.000000
0.000000
0.000000
0.000000
0.000000
0.000000
0.000000
0.000000
0.035097
0.000000
0.000000
0.000000
0.000000
0.969261
0.000000
0.000000
0.999420
0.000000
0.000000
0.000000
0.000000
0.000000
0.000000
0.519257
-0.376354
0.000000
-0.278598
0.000000
0.000000
0.000000
0.000000
-0.170450
0.000000
-0.741697
0.000000
0.000000
0.000000
0.000000
0.000000
0.000000
0.000000
0.000000
0.000000
0.000000
0.000000
0.789366
0.000000
0.000000
0.000000
-0.136072
0.000000
0.000000
0.000000
-0.060782
0.000000
0.000000
0.000000
0.000000
0.000000
-0.944094
0.000000
0.000000
0.000000
0.000000
0.000000
0.000000
0.000000
0.000000
-0.974594
0.000000
0.000000
0.000000
0.940060
0.000000
0.000000
0.000000
-0.313576
0.000000
0.000000
0.000000
0.306969
-0.978342
0.000000
0.000000
0.000000
0.000000
0.000000
0.234837
0.000000
0.294468
0.918968
0.000000
0.000000
0.000000
0.000000
0.000000
-0.658680
-0.373319
0.000000
0.000000
0.000000
0.000000
0.000000
0.000000
-0.061180
-0.537402
0.000000
0.000000
0.000000
-0.505118
0.000000
0.560541
0.000000
0.000000
0.000000
0.000000
0.000000
0.000000
0.000000
0.000000
0.000000
-0.025197
0.000000
0.000000
0.000000
0.000000
0.000000
0.000000
0.000000
0.000000
0.000000
0.000000
0.000000
0.000000
0.256464
0.000000
0.000000
0.000000
0.000000
0.000000
-0.332316
0.000000
0.000000
0.498997
0.618167
0.000000
0.404199
0.000000
0.000000
0.000000
0.000000
0.000000
0.000000
0.000000
0.000000
0.000000
0.000000
0.452714
0.000000
0.891298
0.000000
0.000000
-0.432066
0.000000
0.000000
0.000000
0.000000
0.549719
0.000000
0.000000
-0.896704
0.000000
0.000000
0.278492
0.000000
0.940639
0.000000
0.000000
0.000000
-0.424300
0.000000
0.000000
-0.320713
0.158666
0.000000
0.000000
0.000000
0.000000
-0.582762
0.241019
0.000000
0.000000
0.000000
0.000000
0.000000
0.000000
0.240802
0.000000
0.000000
0.000000
0.000000
-0.550674
0.000000
0.000000
0.000000
-0.573372
-0.098756
-0.892712
0.224144
0.000000
0.000000
0.000000
0.000000
0.000000
-0.681470
-0.303914
0.403039
0.000000
0.061659
-0.138787
0.000000
0.000000
0.000000
0.000000
0.000000
0.000000
-0.428393
-0.075333
0.000000
0.000000
0.000000
-0.086187
0.000000
0.000000
0.000000
0.000000
0.000000
0.000000
0.000000
0.000000
0.000000
0.000000
0.000000
0.000000
0.000000
0.000000
0.000000
-0.369299
0.000000
0.000000
0.000000
0.000000
0.000000
0.000000
0.000000
0.000000
0.000000
0.000000
0.000000
0.000000
-0.221401
0.000000
0.677621
0.000000
0.000000
0.000000
0.000000
0.000000
0.000000
0.000000
0.000000
0.000000
-0.105791
0.000000
0.000000
-0.020979
0.511445
0.000000
-0.247227
0.000000
0.000000
0.000000
0.363985
0.000000
0.000000
0.000000
0.000000
0.000000
0.000000
0.000000
0.000000
0.000000
0.000000
0.000000
0.000000
0.000000
0.000000
0.000000
0.000000
0.000000
0.000000
0.000000
0.000000
0.000000
0.000000
0.000000
0.000000
0.000000
0.000000
0.000000
0.000000
0.000000
0.000000
0.000000
0.000000
0.000000
0.000000
0.000000
0.000000
0.914488
0.000000
0.000000
0.504926
0.000000
0.282126
0.000000
0.000000
0.000000
0.000000
0.000000
0.000000
0.000000
0.000000
0.000000
0.314737
0.013071
0.000000
0.346639
0.000000
0.000000
0.000000
0.000000
0.000000
0.561879
0.000000
-0.381435
0.000000
0.000000
-0.468789
0.000000
0.000000
0.000000
0.000000
0.131774
0.000000
0.037564
0.000000
0.000000
0.000000
0.000000
0.000000
0.000000
0.000000
0.000000
0.000000
0.000000
0.000000
0.000000
0.000000
0.000000
-0.534339
0.000000
-0.707166
0.000000
0.000000
0.000000
0.000000
0.000000
0.745118
0.000000
0.000000
0.000000
0.000000
0.000000
0.448499
0.000000
0.000000
0.000000
-0.857439
0.000000
0.000000
0.000000
0.000000
0.000000
0.000000
0.000000
0.000000
0.000000
0.000000
-0.324586
0.000000
0.000000
-0.269164
0.000000
0.842840
0.000000
0.000000
-0.765949
0.000000
0.775654
0.000000
0.000000
0.000000
0.000000
0.000000
0.000000
0.000000
0.000000
0.000000
0.000000
0.000000
0.887434
0.000000
0.937910
0.000000
0.000000
0.857559
0.000000
0.000000
0.000000
0.000000
0.000000
0.000000
0.000000
0.000000
0.593952
0.000000
0.000000
0.000000
0.000000
0.000000
0.000000
0.000000
0.991490
0.000000
0.000000
0.000000
0.000000
0.000000
0.000000
0.848198
0.000000
0.000000
0.000000
0.000000
0.000000
0.066260
0.952670
0.000000
0.000000
0.000000
0.000000
0.000000
0.000000
0.000000
0.000000
-0.151229
0.000000
0.000000
0.000000
0.000000
0.000000
-0.113234
0.000000
-0.494888
0.000000
0.000000
0.000000
0.456621
0.000000
0.393782
0.000000
0.000000
0.000000
0.000000
0.000000
0.000000
-0.069190
0.000000
0.612531
0.000000
0.000000
0.000000
0.000000
0.000000
0.169522
0.000000
0.000000
-0.168829
0.931682
0.128640
0.850084
0.000000
0.000000
0.000000
0.000000
0.000000
0.377951
0.000000
0.000000
0.000000
0.000000
-0.060805
0.861577
0.418997
0.000000
0.000000
-0.860395
0.000000
0.000000
0.359892
0.000000
0.722335
0.000000
0.000000
0.000000
0.000000
0.000000
0.000000
0.000000
0.000000
-0.519172
-0.289541
0.000000
0.000000
0.000000
0.000000
0.000000
-0.400016
0.000000
0.000000
0.000000
0.000000
0.000000
0.000000
0.000000
0.000000
0.000000
0.000000
0.000000
-0.743030
0.000000
0.000000
-0.012131
0.000000
0.000000
0.000000
-0.797563
-0.448858
0.000000
0.000000
0.000000
0.000000
-0.548210
-0.264819
-0.188045
0.000000
0.000000
0.000000
0.000000
0.000000
0.000000
0.155914
0.000000
-0.489866
-0.400778
0.000000
0.000000
0.000000
0.000000
0.000000
0.000000
0.000000
-0.076313
-0.798744
0.000000
0.000000
0.000000
0.000000
0.000000
0.000000
0.000000
0.076768
0.000000
0.000000
0.000000
0.000000
0.000000
0.000000
0.000000
0.000000
0.000000
0.000000
0.000000
0.000000
0.000000
0.000000
0.000000
0.000000
0.000000
0.000000
0.218843
0.000000
0.000000
-0.376220
0.000000
0.000000
0.000000
0.000000
0.000000
0.000000
0.000000
0.000000
0.757723
0.000000
0.000000
0.000000
0.535817
0.000000
0.000000
0.000000
0.000000
0.432767
0.000000
0.000000
0.000000
-0.737521
0.000000
0.000000
0.000000
-0.885435
0.166835
0.000000
0.000000
0.000000
0.000000
0.843211
-0.857125
0.000000
0.000000
0.000000
0.000000
0.000000
0.000000
0.000000
0.000000
0.000000
0.000000
0.000000
-0.003224
0.000000
-0.984121
0.000000
0.000000
0.000000
-0.012311
0.000000
0.000000
-0.781538
0.000000
0.000000
0.000000
0.000000
0.000000
0.000000
0.000000
0.000000
0.000000
0.000000
0.000000
0.000000
0.000000
0.000000
0.000000
0.000000
0.665524
0.000000
0.000000
0.000000
0.000000
0.000000
0.000000
0.000000
0.000000
0.000000
0.000000
0.000000
0.000000
0.000000
0.000000
-0.263604
0.000000
-0.335671
0.000000
0.000000
0.000000
0.000000
0.000000
0.000000
0.000000
0.000000
0.000000
0.010556
0.000000
0.000000
0.000000
0.000000
0.000000
0.000000
-0.356269
0.000000
0.000000
0.000000
0.000000
0.000000
0.491178
0.000000
0.000000
-0.612432
0.000000
-0.086339
0.735852
0.274251
0.000000
0.000000
0.000000
0.000000
0.000000
0.000000
0.000000
0.000000
0.000000
0.000000
-0.813788
0.000000
0.000000
0.000000
0.000000
0.000000
0.000000
0.000000
0.000000
0.000000
0.281305
0.000000
0.000000
0.000000
0.000000
0.000000
0.000000
0.000000
0.000000
0.000000
0.000000
0.000000
0.000000
0.000000
0.000000
0.000000
0.631034
0.000000
-0.660849
0.000000
0.000000
0.000000
0.486355
0.000000
0.000000
-0.548491
0.000000
0.000000
0.000000
0.000000
0.000000
0.000000
0.000000
0.000000
0.000000
-0.723201
0.000000
0.904366
0.000000
0.000000
0.000000
0.000000
0.000000
0.000000
0.000000
0.000000
0.000000
0.000000
0.000000
0.567257
0.000000
0.000000
0.000000
0.000000
0.000000
0.000000
0.000000
0.000000
0.000000
0.000000
0.000000
0.000000
0.000000
0.000000
0.026037
0.000000
0.000000
-0.503657
0.000000
0.000000
0.000000
0.000000
0.000000
0.000000
0.000000
0.000000
0.000000
0.000000
0.000000
0.000000
0.000000
0.000000
0.000000
0.000000
0.000000
-0.973548
0.000000
0.579624
0.000000
0.000000
0.000000
0.000000
0.000000
0.000000
0.000000
-0.962051
0.000000
0.000000
0.000000
0.000000
0.596605
0.000000
0.000000
0.000000
0.296032
0.000000
0.000000
0.000000
0.000000
-0.616526
0.000000
0.000000
0.000000
0.000000
0.039619
0.000000
0.000000
0.000000
0.000000
0.000000
0.883137
0.000000
-0.923063
0.915632
0.000000
0.000000
0.000000
0.000000
-0.766496
0.000000
0.241883
0.000000
0.000000
-0.784963
0.000000
0.000000
0.000000
0.000000
0.464131
0.000000
0.000000
0.000000
0.817089
0.000000
0.862207
0.000000
0.000000
0.000000
0.000000
-0.615429
0.000000
0.000000
0.000000
0.000000
0.000000
0.000000
-0.843982
0.000000
0.000000
0.000000
-0.035806
0.710271
0.000000
0.000000
0.000000
0.250780
0.000000
0.000000
0.000000
0.000000
0.000000
0.000000
0.000000
0.000000
0.726636
0.000000
0.124308
0.000000
0.000000
-0.989670
0.000000
0.000000
0.000000
0.000000
0.000000
0.000000
0.000000
0.000000
0.000000
0.000000
-0.045407
0.687505
-0.188034
0.000000
-0.192265
0.501798
0.000000
0.000000
0.000000
0.000000
0.000000
-0.396638
-0.118202
0.000000
0.000000
0.137252
0.000000
0.000000
0.000000
-0.033094
0.000000
0.779425
0.000000
0.000000
0.000000
0.772183
0.000000
0.000000
0.104857
0.000000
0.000000
0.000000
0.000000
0.000000
0.000000
0.000000
0.000000
0.000000
0.000000
0.000000
-0.862756
0.000000
0.627456
0.000000
0.000000
0.443172
0.000000
0.000000
0.000000
0.000000
0.000000
0.000000
0.000000
0.000000
-0.702808
0.000000
0.000000
0.000000
0.000000
0.000000
0.000000
0.000000
0.000000
0.000000
0.000000
0.000000
0.000000
0.000000
0.000000
0.719808
0.000000
0.000000
0.000000
0.000000
-0.340526
0.000000
0.000000
0.000000
0.000000
0.000000
0.117911
0.000000
0.000000
0.000000
0.000000
0.000000
0.000000
0.000000
0.000000
0.000000
0.000000
0.000000
0.000000
0.000000
0.000000
0.000000
0.000000
0.000000
-0.083200
0.000000
0.000000
0.000000
0.000000
0.418186
0.000000
0.000000
0.000000
0.000000
0.666375
0.000000
0.000000
0.000000
0.000000
0.000000
-0.027954
0.000000
0.000000
0.000000
0.000000
0.000000
0.000000
0.000000
0.000000
0.000000
0.000000
0.000000
0.000000
0.000000
-0.002311
0.902510
0.000000
0.000000
0.000000
0.000000
0.000000
0.000000
-0.575852
0.000000
0.000000
-0.657612
0.000000
0.000000
0.000000
0.000000
0.000000
0.000000
0.000000
0.000000
0.000000
-0.493309
0.000000
0.000000
0.000000
0.000000
0.000000
0.000000
0.000000
0.000000
-0.533227
0.000000
0.000000
0.000000
0.000000
0.000000
0.000000
0.000000
0.000000
0.000000
-0.745920
0.985286
0.000000
0.000000
0.000000
0.037879
0.000000
0.000000
0.000000
0.000000
0.000000
0.000000
0.000000
0.000000
0.000000
0.000000
0.000000
0.000000
0.000000
0.000000
0.000000
0.106259
0.000000
0.000000
0.000000
0.000000
0.000000
0.000000
0.533610
-0.503610
-0.590227
0.000000
0.000000
0.000000
0.000000
0.000000
0.000000
-0.728826
0.000000
-0.716530
0.000000
-0.390138
0.000000
0.000000
0.000000
0.000000
0.000000
0.000000
0.000000
-0.415588
0.000000
0.000000
0.000000
-0.501292
0.000000
0.000000
-0.112677
-0.316555
0.000000
0.568608
0.000000
0.382514
0.000000
0.000000
0.237572
0.000000
0.000000
-0.795798
0.000000
0.000000
0.373906
0.000000
0.000000
0.000000
0.000000
0.000000
0.000000
0.000000
0.000000
0.000000
0.343451
0.000000
0.000000
0.000000
0.000000
0.000000
0.000000
0.267028
0.000000
0.000000
0.000000
0.000000
-0.280928
-0.238813
0.000000
0.000000
0.000000
0.000000
0.000000
0.000000
0.000000
0.000000
0.000000
0.000000
0.000000
0.000000
0.000000
0.823937
-0.357161
0.000000
0.000000
0.000000
0.000000
0.000000
0.000000
-0.638749
0.000000
-0.563673
0.000000
-0.513211
0.000000
0.000000
0.000000
-0.969954
0.000000
0.000000
0.000000
0.000000
0.860775
0.000000
0.000000
0.000000
0.000000
0.000000
0.000000
0.000000
0.000000
0.891658
-0.905836
0.000000
0.000000
0.000000
0.000000
-0.363776
-0.404611
0.000000
0.000000
0.000000
0.000000
0.000000
0.000000
0.000000
0.681203
0.000000
0.000000
0.000000
0.000000
0.000000
0.000000
0.000000
0.000000
0.000000
0.000000
0.000000
0.000000
0.000000
0.000000
0.706463
0.000000
0.000000
0.000000
0.000000
0.000000
0.000000
0.000000
0.000000
-0.697867
0.000000
0.000000
0.000000
0.000000
0.144262
0.000000
0.000000
0.000000
0.000000
0.000000
0.000000
0.000000
0.000000
0.000000
0.980960
0.339394
-0.878239
0.000000
0.000000
0.000000
-0.499912
0.000000
0.000000
0.213102
0.000000
0.000000
0.000000
0.205559
0.937809
0.000000
0.000000
0.000000
0.000000
0.000000
0.149701
0.000000
0.000000
0.000000
0.846628
0.087302
-0.272488
0.000000
0.000000
0.000000
0.000000
0.000000
0.000000
0.000000
0.000000
0.000000
0.000000
0.000000
0.000000
0.000000
0.000000
0.000000
-0.162648
0.000000
0.000000
-0.586500
-0.692788
0.000000
0.000000
0.000000
0.317134
0.585289
0.000000
0.000000
-0.429553
0.660876
0.000000
0.000000
0.000000
0.000000
0.000000
0.000000
0.000000
0.000000
-0.195599
0.000000
0.000000
-0.333865
0.000000
0.000000
0.000000
0.000000
0.000000
0.000000
0.000000
0.000000
0.000000
0.000000
0.000000
0.000000
0.000000
0.000000
0.000000
0.108339
-0.463171
0.000000
0.000000
0.000000
0.000000
0.000000
0.000000
0.000000
-0.518062
-0.745845
0.000000
0.000000
0.000000
0.000000
0.000000
-0.742336
0.000000
0.000000
0.000000
0.000000
0.000000
0.000000
-0.852695
0.000000
0.000000
0.000000
0.000000
0.000000
0.000000
0.000000
0.000000
0.000000
0.000000
0.000000
0.000000
0.000000
0.000000
0.000000
0.000000
0.875166
-0.212601
0.000000
0.000000
0.000000
0.000000
0.000000
0.000000
0.000000
0.000000
-0.830221
0.000000
0.000000
0.000000
0.000000
0.000000
0.000000
0.874293
0.981926
0.000000
0.000000
0.000000
0.000000
0.000000
0.000000
0.000000
-0.084060
0.000000
0.000000
0.000000
0.000000
0.000000
0.405597
0.000000
-0.886958
0.000000
-0.773047
0.000000
0.000000
0.000000
0.000000
0.000000
0.000000
0.000000
0.000000
-0.083968
0.000000
-0.325927
-0.460621
-0.599206
0.000000
0.000000
0.000000
0.000000
0.000000
0.000000
0.000000
0.000000
0.000000
-0.607494
0.000000
0.000000
0.099204
0.000000
0.000000
0.000000
0.000000
0.000000
0.000000
0.000000
0.000000
0.000000
-0.808175
0.000000
-0.692903
0.000000
0.000000
0.000000
0.000000
0.000000
0.614880
0.000000
0.000000
0.000000
0.000000
0.000000
0.000000
0.000000
0.000000
0.000000
-0.558880
0.000000
0.000000
0.906118
0.000000
0.000000
0.457979
0.000000
0.000000
0.000000
0.000000
0.000000
0.000000
-0.920638
0.000000
0.000000
0.000000
0.000000
-0.196920
0.000000
0.000000
0.000000
0.000000
-0.295636
0.766475
0.000000
0.000000
0.000000
0.000000
0.000000
0.000000
0.745161
0.000000
0.000000
0.000000
0.000000
0.000000
0.000000
0.000000
0.405359
0.000000
-0.059971
0.000000
0.000000
0.000000
0.000000
0.000000
0.414153
0.000000
0.000000
0.000000
0.000000
0.000000
0.000000
0.000000
-0.687846
0.000000
0.000000
0.000000
0.000000
0.000000
-0.513996
0.000000
0.000000
0.000000
0.000000
-0.431192
0.000000
0.000000
0.000000
0.000000
0.257803
0.784968
0.089525
0.000000
0.000000
0.000000
0.000000
0.000000
0.000000
0.000000
0.000000
0.000000
0.000000
0.000000
0.000000
0.000000
-0.112211
0.000000
0.951658
0.790837
0.000000
0.000000
0.000000
0.000000
0.000000
0.401152
0.380089
0.000000
0.000000
-0.565674
0.000000
0.000000
0.000000
0.000000
0.000000
0.000000
0.000000
0.000000
0.000000
0.000000
0.000000
0.000000
0.000000
0.000000
0.000000
-0.717031
0.000000
0.000000
0.000000
0.000000
0.000000
0.000000
-0.441728
0.000000
-0.182298
0.000000
-0.703977
0.000000
0.000000
0.000000
0.000000
0.390259
0.000000
0.000000
0.000000
0.000000
0.000000
0.000000
0.000000
0.000000
0.636603
-0.370620
0.000000
0.000000
0.000000
0.000000
0.000000
0.000000
0.000000
0.000000
0.000000
0.000000
0.000000
0.000000
0.000000
0.000000
0.000000
0.000000
0.000000
0.000000
0.000000
0.000000
0.000000
0.045268
0.000000
0.537116
0.000000
0.000000
0.000000
0.000000
0.000000
0.000000
0.000000
-0.452906
-0.124999
0.000000
0.000000
-0.585169
0.000000
-0.822859
0.000000
0.000000
0.000000
0.000000
-0.552129
-0.754730
0.000000
0.000000
0.000000
0.000000
0.000000
0.000000
0.000000
0.000000
0.000000
-0.289307
0.000000
0.000000
0.000000
0.000000
0.000000
0.000000
0.000000
0.000000
0.000000
0.000000
-0.264704
-0.962488
0.000000
0.000000
0.735063
0.000000
0.000000
0.000000
0.000000
0.000000
0.000000
0.000000
0.000000
0.000000
0.000000
0.000000
0.000000
0.000000
0.000000
0.000000
0.000000
0.000000
0.000000
0.000000
0.000000
0.000000
0.096384
0.000000
0.000000
0.000000
0.000000
0.000000
0.000000
0.000000
0.000000
-0.504179
0.000000
0.000000
-0.070241
0.000000
0.000000
0.000000
0.000000
0.000000
0.508384
0.000000
-0.707035
0.000000
-0.782288
0.000000
0.000000
0.000000
0.000000
0.000000
0.000000
-0.442094
0.000000
0.000000
0.000000
0.000000
0.000000
0.000000
0.000000
0.000000
-0.786710
0.000000
0.000000
0.000000
0.000000
0.000000
0.182507
0.000000
0.000000
0.000000
0.000000
0.000000
0.000000
0.000000
0.000000
0.572949
0.000000
0.000000
0.000000
0.000000
0.000000
-0.400216
0.000000
0.000000
0.000000
0.000000
0.000000
0.000000
0.000000
0.035733
0.000000
0.000000
0.000000
0.000000
0.000000
0.000000
0.000000
0.000000
0.000000
0.159474
0.000000
0.000000
0.000000
0.000000
0.000000
0.000000
0.000000
0.000000
0.000000
-0.849419
0.000000
0.000000
0.000000
0.000000
0.073204
0.000000
0.000000
0.000000
0.000000
0.000000
0.000000
0.003794
0.000000
0.000000
0.000000
-0.067134
0.000000
0.000000
0.000000
-0.439143
0.000000
0.000000
0.000000
0.000000
0.000000
0.000000
0.000000
0.000000
-0.834068
0.000000
0.000000
0.784998
-0.769390
0.000000
0.077228
0.000000
0.000000
0.000000
0.000000
0.941672
0.000000
0.000000
0.000000
-0.120541
0.000000
0.000000
0.000000
0.000000
0.000000
0.000000
0.000000
0.000000
-0.703692
0.000000
-0.862299
0.000000
0.000000
0.000000
0.000000
0.000000
0.000000
-0.381351
0.000000
0.000000
0.130927
0.000000
0.000000
0.725629
0.000000
-0.891864
0.000000
0.229400
0.000000
0.000000
0.000000
0.000000
0.210330
0.000000
-0.998740
0.000000
0.000000
0.000000
0.000000
0.000000
0.000000
0.000000
0.000000
0.000000
0.861974
0.000000
-0.406621
0.000000
0.000000
0.000000
0.000000
0.000000
0.000000
0.000000
0.000000
0.000000
-0.252617
0.000000
0.000000
0.000000
0.000000
0.000000
0.000000
0.000000
0.000000
0.000000
0.000000
0.000000
0.000000
0.000000
0.000000
0.583199
0.000000
0.000000
0.000000
0.000000
0.000000
0.000000
0.000000
0.000000
0.000000
0.922276
0.000000
0.000000
0.000000
0.000000
0.000000
0.000000
0.000000
0.000000
0.000000
0.000000
0.000000
0.170738
0.000000
0.000000
0.000000
0.000000
0.000000
0.000000
0.000000
0.580240
-0.419411
0.000000
-0.313008
0.535690
0.000000
0.108792
0.000000
0.000000
0.000000
0.941078
0.000000
0.000000
0.000000
0.000000
0.000000
0.000000
0.922981
0.000000
0.000000
0.000000
0.000000
0.000000
0.000000
0.000000
0.164388
0.000000
-0.116521
0.000000
0.000000
0.000000
0.000000
0.000000
0.518786
0.000000
0.000000
0.000000
0.000000
-0.474473
0.000000
0.000000
0.000000
0.000000
0.000000
-0.081491
0.000000
0.000000
0.000000
0.000000
0.000000
-0.787750
0.000000
0.000000
0.000000
-0.118096
0.000000
0.821310
0.000000
0.000000
0.000000
0.000000
0.000000
0.000000
0.375325
0.000000
0.000000
0.000000
0.000000
0.000000
-0.265132
0.000000
-0.167755
0.000000
0.000000
0.000000
0.000000
0.000000
0.000000
0.000000
0.000000
0.000000
0.000000
0.217052
0.000000
0.000000
0.000000
0.000000
0.000000
0.000000
0.074724
0.000000
0.000000
0.000000
0.000000
0.000000
0.000000
-0.051149
0.000000
0.000000
0.000000
0.000000
0.500242
0.000000
0.000000
0.000000
-0.974079
0.000000
0.000000
-0.802417
0.121531
0.000000
0.225343
0.000000
0.383217
0.000000
0.000000
0.365990
0.000000
0.000000
0.000000
0.000000
0.000000
0.000000
0.000000
0.000000
0.000000
0.000000
0.000000
0.000000
0.000000
0.000000
0.610364
0.000000
0.000000
-0.274879
0.000000
0.000000
0.000000
