0.000000
0.792491
0.000000
0.000000
0.000000
0.000000
0.000000
0.000000
0.000000
0.000000
0.000000
0.000000
0.000000
-0.995512
0.000000
0.850581
-0.125594
0.000000
0.000000
0.000000
-0.003431
0.000000
0.000000
0.780270
0.000000
0.000000
0.000000
0.000000
0.000000
-0.098913
0.371122
0.000000
0.955284
0.304413
0.000000
0.787827
-0.649351
-0.584949
0.000000
0.000000
0.000000
0.000000
0.000000
0.000000
0.000000
0.000000
0.000000
0.000000
0.000000
0.000000
0.224579
-0.854385
0.000000
-0.916975
0.000000
0.000000
0.559998
0.000000
0.000000
0.000000
0.000000
0.000000
0.000000
-0.042288
0.000000
0.000000
0.000000
0.000000
0.000000
0.531960
0.000000
0.000000
0.000000
0.000000
-0.195094
0.000000
0.000000
0.000000
0.000000
0.000000
0.000000
0.000000
0.000000
0.000000
0.000000
-0.793213
0.000000
0.000000
0.000000
0.000000
0.000000
0.000000
-0.546586
0.000000
-0.197298
-0.338211
0.000000
0.000000
0.000000
0.125909
0.000000
0.000000
0.000000
0.849175
-0.669452
0.000000
0.000000
0.000000
0.000000
0.771661
0.000000
0.000000
0.000000
0.000000
-0.905387
0.000000
0.000000
0.000000
0.611285
0.000000
0.000000
-0.960746
0.000000
0.000000
0.000000
0.000000
0.000000
0.000000
0.000000
0.000000
0.000000
0.000000
0.000000
0.000000
0.000000
0.000000
0.000000
0.855354
0.000000
0.000000
0.990872
0.000000
0.000000
0.000000
0.000000
0.000000
0.000000
0.000000
0.000000
0.000000
0.219403
0.399812
0.000000
0.000000
0.000000
0.000000
0.000000
0.000000
0.000000
0.000000
0.000000
-0.900967
0.000000
0.000000
0.000000
-0.700637
0.000000
-0.481168
0.000000
0.000000
-0.904808
0.000000
0.000000
-0.983457
0.872976
0.000000
0.000000
0.572084
0.751201
0.547824
0.000000
0.000000
0.000000
0.000000
0.000000
0.681162
0.000000
0.000000
0.000000
0.000000
0.000000
0.000000
0.647603
0.000000
0.000000
0.000000
0.000000
-0.425982
0.798302
0.000000
0.000000
-0.165121
0.000000
0.000000
0.000000
0.000000
0.000000
0.000000
0.000000
0.000000
0.000000
0.000000
0.000000
0.000000
0.000000
0.000000
0.565626
-0.193338
0.000000
0.000000
0.000000
0.000000
0.000000
0.000000
0.000000
0.000000
0.000000
-0.679764
0.000000
0.000000
0.000000
0.000000
0.000000
0.000000
0.000000
-0.826309
-0.557522
0.618866
0.000000
0.000000
0.000000
-0.657231
0.000000
0.000000
0.000000
0.000000
-0.711720
0.000000
0.000000
0.000000
0.000000
0.000000
0.000000
-0.569904
0.000000
0.000000
0.000000
0.657731
0.000000
-0.579852
0.000000
0.000000
0.000000
0.000000
0.000000
-0.558363
0.000000
0.000000
0.000000
0.000000
0.000000
0.601044
0.000000
0.000000
0.000000
0.000000
0.000000
0.554475
0.000000
0.000000
0.000000
0.000000
0.000000
0.000000
0.000000
0.000000
0.000000
-0.033508
0.000000
0.000000
0.000000
0.000000
0.000000
0.000000
0.000000
0.000000
0.000000
0.000000
0.431707
-0.284220
0.000000
-0.927846
0.000000
0.000000
0.109861
0.000000
0.000000
0.000000
-0.737664
0.000000
0.000000
0.000000
0.000000
0.000000
0.000000
0.000000
0.000000
0.000000
0.000000
0.000000
0.000000
0.000000
0.000000
0.118141
0.500173
0.000000
0.000000
0.000000
0.000000
0.000000
0.000000
0.000000
0.000000
0.000000
0.000000
0.000000
-0.936955
0.000000
-0.367832
0.000000
0.000000
0.000000
0.000000
0.000000
0.000000
0.000000
0.496382
0.000000
0.000000
0.000000
0.000000
0.000000
0.000000
0.000000
0.931313
0.000000
0.000000
0.000000
0.000000
0.000000
0.000000
0.000000
0.000000
0.000000
0.000000
0.000000
0.000000
0.794397
0.000000
0.000000
0.000000
0.000000
0.000000
-0.995522
0.000000
0.000000
0.000000
0.000000
0.000000
0.000000
0.000000
0.000000
0.000000
-0.122222
0.000000
0.976485
0.235140
0.000000
0.000000
0.000000
0.313190
0.000000
0.000000
0.000000
0.000000
-0.901029
-0.098527
0.000000
0.000000
-0.598444
0.000000
0.000000
0.000000
0.000000
0.000000
0.000000
0.000000
0.803975
0.000000
0.000000
0.000000
-0.522502
0.000000
0.000000
0.000000
0.000000
0.792931
0.000000
0.557466
0.000000
0.000000
0.000000
0.000000
0.000000
0.883566
0.000000
0.000000
-0.583027
0.000000
0.000000
0.000000
0.000000
0.000000
0.000000
0.000000
0.000000
0.000000
-0.913234
0.000000
0.000000
0.000000
0.283387
-0.930205
0.000000
0.000000
0.000000
0.000000
0.000000
0.042849
0.941642
0.000000
0.000000
0.000000
0.000000
-0.958040
0.453009
0.000000
0.000000
-0.866391
0.000000
0.000000
0.000000
0.000000
0.000000
0.000000
0.173012
0.000000
0.000000
0.000000
0.746009
-0.624983
-0.350354
0.000000
0.000000
0.000000
0.000000
0.000000
0.000000
0.000000
0.000000
0.000000
0.000000
0.226080
0.000000
0.000000
0.000000
0.000000
0.000000
0.000000
0.000000
0.000000
0.000000
0.955734
0.000000
0.000000
0.000000
0.000000
0.000000
0.375207
0.000000
0.000000
0.000000
-0.943388
0.000000
0.000000
0.000000
0.000000
-0.797706
0.000000
-0.110779
0.000000
0.000000
0.000000
0.391060
0.000000
0.000000
0.551094
0.000000
0.000000
0.000000
0.000000
0.000000
0.323743
0.000000
0.000000
0.000000
0.805586
0.000000
0.000000
0.000000
0.000000
0.000000
-0.814198
0.000000
0.000000
0.000000
0.000000
0.000000
0.000000
0.000000
0.000000
0.000000
0.394538
0.000000
0.579082
-0.519443
0.000000
0.000000
0.000000
0.000000
0.000000
0.000000
0.000000
0.000000
0.000000
0.000000
0.000000
0.000000
0.000000
0.000000
0.000000
0.000000
0.000000
0.000000
0.000000
0.000000
0.000000
0.000000
0.000000
-0.176593
0.000000
0.000000
0.000000
0.000000
0.000000
-0.405265
0.000000
0.000000
0.000000
0.000000
0.000000
0.000000
0.000000
0.000000
0.000000
-0.169746
0.000000
0.000000
-0.479903
0.000000
0.000000
0.000000
0.000000
0.000000
0.000000
0.240890
0.000000
0.000000
0.000000
0.000000
0.000000
0.000000
0.000000
0.000000
0.000000
0.000000
-0.828700
0.000000
-0.457629
0.000000
0.000000
0.566709
0.000000
0.000000
0.000000
0.000000
0.000000
0.000000
0.000000
0.000000
0.766702
0.000000
0.000000
0.000000
0.000000
0.000000
0.000000
-0.943656
0.331943
0.000000
0.650275
0.000000
0.000000
0.000000
0.000000
0.000000
0.000000
0.000000
0.000000
0.000000
0.000000
0.000000
0.000000
0.000000
0.000000
0.000000
0.000000
0.000000
0.000000
0.000000
-0.397053
0.000000
0.000000
0.000000
0.000000
0.000000
0.000000
0.000000
0.000000
0.557326
0.000000
0.000000
0.000000
0.000000
0.000000
0.000000
0.000000
0.000000
0.000000
0.000000
-0.975847
0.841081
0.000000
0.000000
0.000000
0.000000
-0.597257
0.000000
0.744982
0.000000
-0.735519
0.000000
0.000000
0.000000
0.000000
0.000000
0.000000
0.753258
0.000000
-0.282921
0.000000
0.978582
-0.778442
0.000000
-0.042075
0.000000
0.000000
0.000000
0.000000
0.000000
0.000000
0.000000
0.781435
-0.533168
0.000000
0.000000
0.000000
-0.125746
0.000000
0.000000
0.000000
0.000000
0.000000
0.000000
0.000000
0.000000
0.000000
0.000000
-0.796968
0.000000
0.000000
0.000000
0.000000
0.000000
0.147617
-0.856586
-0.665699
0.000000
0.447502
0.000000
0.000000
0.000000
0.000000
0.000000
0.000000
0.000000
0.000000
0.000000
0.000000
0.000000
0.000000
0.000000
-0.491647
0.000000
0.000000
0.000000
0.000000
0.000000
-0.892855
0.000000
0.006483
0.000000
0.000000
0.000000
0.000000
0.000000
0.000000
0.000000
0.000000
0.000000
0.000000
0.000000
0.000000
0.000000
0.057304
0.000000
0.000000
0.000000
0.000000
0.000000
0.000000
0.000000
0.000000
0.000000
-0.890542
0.000000
0.000000
0.000000
0.000000
0.237092
0.000000
-0.592497
0.709110
0.000000
-0.316344
0.000000
0.000000
0.000000
-0.031529
0.000000
-0.832100
0.000000
0.000000
-0.705563
0.000000
-0.487435
0.000000
0.000000
0.000000
0.000000
0.000000
0.000000
0.000000
0.000000
0.000000
0.000000
-0.696358
-0.438747
0.000000
0.000000
0.000000
0.686522
-0.186510
0.412100
0.000000
0.000000
0.000000
0.416410
0.000000
0.647560
0.000000
-0.490157
0.000000
-0.821424
0.000000
0.000000
-0.048230
0.000000
0.000000
0.000000
0.000000
0.000000
0.038602
0.000000
0.000000
0.628971
0.000000
0.000000
0.576310
0.000000
0.000000
0.792177
0.000000
0.000000
-0.815404
0.000000
0.000000
-0.604205
0.000000
0.596364
0.000000
-0.768195
0.000000
0.000000
0.000000
-0.828380
0.585516
0.000000
0.000000
0.000000
0.000000
0.000000
0.674795
0.000000
0.000000
0.000000
-0.450230
0.000000
0.000000
0.000000
0.000000
-0.722112
0.000000
0.799410
0.934075
-0.383627
0.000000
0.610557
0.000000
0.000000
0.000000
0.000000
0.000000
0.000000
0.000000
0.501177
0.000000
0.000000
0.000000
0.520277
0.000000
0.000000
0.000000
0.000000
0.000000
0.000000
0.000000
0.000000
0.000000
0.082180
-0.035770
0.000000
0.000000
0.000000
0.000000
-0.083069
0.000000
0.000000
0.000000
0.000000
0.063064
0.000000
-0.486297
0.000000
0.000000
0.000000
0.045377
0.000000
0.000000
0.000000
0.000000
-0.105572
0.000000
0.000000
0.309567
0.339121
0.837756
0.000000
0.000000
-0.509622
0.000000
0.000000
0.000000
0.000000
-0.988034
0.000000
0.000000
0.913811
0.000000
0.000000
0.000000
0.000000
0.000000
0.000000
0.000000
0.000000
0.000000
0.000000
0.000000
0.000000
0.000000
0.000000
0.000000
-0.024662
0.000000
0.000000
0.000000
0.000000
0.709860
-0.274803
0.000000
0.000000
0.000000
0.000000
0.000000
0.000000
0.000000
0.000000
-0.809357
0.277567
0.000000
0.000000
0.000000
0.000000
-0.025804
0.000000
0.000000
0.000000
0.000000
0.000000
0.000000
0.000000
0.000000
0.000000
0.000000
0.000000
0.000000
0.000000
0.000000
0.000000
-0.700506
0.000000
0.000000
0.000000
0.000000
0.000000
0.006995
0.000000
0.000000
-0.186117
0.000000
0.000000
0.000000
0.000000
0.000000
0.000000
0.000000
0.000000
0.017158
0.000000
0.000000
0.000000
-0.763693
0.000000
0.000000
0.000000
0.000000
0.000000
0.000000
0.000000
0.000000
0.000000
0.000000
0.000000
0.000000
0.000000
0.000000
0.000000
0.000000
0.000000
0.000000
0.000000
0.000000
0.000000
0.000000
0.000000
0.000000
0.000000
0.000000
0.000000
0.913970
0.000000
0.000000
0.000000
0.000000
0.000000
0.834374
0.000000
0.336137
0.000000
0.000000
0.471145
0.000000
0.000000
0.000000
0.000000
0.240219
0.000000
0.000000
0.000000
0.000000
0.000000
0.000000
0.486090
0.000000
0.000000
0.000000
0.000000
0.000000
0.000000
0.000000
0.000000
0.000000
0.000000
0.000000
0.000000
0.000000
0.000000
0.000000
0.000000
-0.875789
0.000000
0.000000
0.000000
0.000000
0.000000
0.000000
0.000000
0.000000
0.000000
0.949493
0.000000
-0.799481
0.000000
0.197812
0.000000
0.000000
0.000000
-0.851932
0.000000
-0.301671
0.000000
0.000000
0.000000
0.815148
0.000000
0.000000
-0.762140
0.000000
0.000000
0.000000
0.000000
0.000000
0.000000
-0.979367
0.000000
-0.587856
0.000000
-0.409595
0.000000
-0.374045
0.000000
0.000000
-0.953888
0.000000
0.000000
0.971399
0.000000
0.000000
0.000000
0.000000
0.000000
0.000000
0.000000
0.000000
0.000000
0.000000
0.115853
0.000000
0.000000
-0.839042
0.000000
0.000000
-0.011076
-0.962534
0.000000
-0.290811
0.000000
0.000000
0.000000
0.000000
0.000000
0.000000
0.000000
0.000000
0.000000
0.000000
0.000000
-0.511126
0.000000
0.000000
0.000000
0.000000
0.000000
0.000000
0.278954
0.595247
0.000000
0.000000
0.000000
0.000000
0.000000
0.000000
0.000000
0.000000
0.628006
0.982069
0.000000
-0.074145
0.000000
0.000000
0.000000
0.000000
-0.204025
0.000000
0.000000
0.000000
0.000000
-0.440871
0.680947
0.000000
0.000000
0.000000
0.000000
-0.892624
0.000000
0.000000
0.000000
0.000000
0.000000
0.000000
0.000000
0.000000
0.000000
0.000000
-0.153464
0.000000
0.000000
0.000000
0.000000
-0.556887
0.634241
0.000000
0.000000
-0.931629
0.000000
0.000000
0.000000
0.000000
0.000000
0.000000
0.000000
0.000000
0.000000
0.970667
0.000000
0.000000
0.000000
0.000000
0.000000
0.000000
0.000000
0.000000
-0.360698
0.000000
0.061421
0.000000
0.000000
0.485644
0.000000
0.000000
-0.448812
0.000000
0.467988
-0.202910
0.000000
0.000000
0.000000
0.000000
0.000000
0.000000
0.000000
0.013861
0.000000
0.000000
0.000000
0.000000
0.000000
0.000000
0.000000
0.572196
0.000000
0.000000
0.000000
0.000000
0.000000
0.000000
0.000000
0.000000
0.000000
0.000000
0.000000
0.000000
0.000000
0.627237
0.000000
0.000000
0.000000
0.000000
0.000000
0.000000
0.000000
0.000000
0.000000
0.000000
0.000000
0.000000
-0.918871
0.000000
0.827413
0.960423
0.000000
0.000000
0.000000
0.000000
0.000000
0.000000
0.000000
0.000000
0.000000
0.000000
0.000000
-0.012377
0.000000
0.000000
0.000000
0.000000
0.000000
0.000000
0.130829
0.000000
0.000000
0.000000
0.000000
-0.659960
0.000000
0.000000
0.000000
0.000000
0.000000
0.000000
0.000000
-0.151239
0.000000
0.000000
0.000000
0.000000
-0.084524
0.000000
0.000000
0.000000
0.000000
-0.272794
-0.759552
0.775438
0.000000
0.000000
0.000000
0.000000
0.000000
0.000000
-0.406266
-0.068458
0.000000
0.000000
0.000000
0.000000
0.000000
0.000000
0.000000
0.000000
0.000000
0.000000
0.000000
0.000000
0.000000
0.000000
0.000000
0.000000
0.000000
0.000000
0.000000
-0.770466
-0.462577
0.353362
0.000000
0.000000
0.000000
0.000000
0.426176
-0.384308
0.000000
0.000000
0.000000
0.000000
0.000000
0.000000
0.000000
0.000000
0.000000
0.000000
0.000000
0.000000
0.203655
0.000000
0.000000
0.000000
-0.984577
0.000000
0.000000
0.000000
0.000000
-0.955453
0.000000
0.000000
0.000000
0.000000
0.000000
0.000000
0.000000
0.000000
0.000000
0.000000
0.000000
0.000000
0.000000
0.000000
0.000000
0.000000
0.000000
0.000000
0.000000
0.000000
0.352206
0.000000
0.000000
0.000000
0.000000
-0.004090
0.000000
0.000000
0.000000
0.939381
0.000000
0.000000
0.000000
-0.487199
0.000000
0.000000
0.000000
0.000000
0.000000
0.000000
-0.944385
0.000000
0.000000
0.000000
0.000000
0.024109
0.663566
0.000000
-0.758676
0.000000
0.000000
0.000000
0.000000
-0.855524
0.000000
0.215296
0.000000
0.000000
0.000000
0.000000
0.000000
0.000000
0.000000
0.000000
0.000000
0.757080
0.000000
0.000000
0.000000
0.650161
0.522894
0.000000
0.000000
-0.338985
0.883209
0.000000
0.221230
0.000000
0.188606
0.574997
0.000000
0.000000
0.000000
0.000000
-0.297337
0.000000
0.000000
0.000000
0.896193
0.000000
0.000000
0.000000
0.000000
-0.510796
0.000000
0.047097
0.000000
0.676128
0.000000
0.000000
0.000000
-0.024408
0.000000
0.000000
0.000000
0.000000
0.000000
0.043599
0.000000
0.000000
0.000000
0.000000
0.000000
0.000000
0.000000
0.000000
0.176687
0.000000
0.000000
-0.907298
0.000000
0.000000
0.000000
0.000000
0.000000
0.000000
0.000000
0.856356
0.245497
0.000000
0.000000
0.000000
0.000000
0.000000
0.000000
0.000000
-0.347738
0.000000
-0.662760
0.931701
0.000000
0.000000
0.000000
-0.452878
0.000000
0.000000
0.000000
-0.925643
0.000000
0.000000
0.000000
0.000000
0.000000
0.000000
0.000000
0.000000
0.000000
0.000000
0.000000
0.000000
0.000000
0.000000
0.000000
0.000000
0.000000
0.794326
0.000000
0.000000
0.000000
0.000000
-0.330519
0.000000
0.000000
0.000000
0.000000
0.000000
0.000000
0.000000
0.304599
0.000000
-0.022939
-0.774995
-0.959068
0.000000
0.000000
0.000000
0.000000
0.000000
0.865838
0.955501
0.267277
0.476844
0.000000
0.000000
0.000000
0.000000
0.000000
0.000000
0.000000
0.000000
0.000000
0.000000
-0.302150
0.000000
0.000000
0.786366
0.000000
-0.773320
0.901359
0.061746
0.000000
0.000000
-0.281353
0.024722
0.000000
0.000000
0.126768
0.455636
0.000000
0.000000
-0.460784
-0.890921
0.000000
0.000000
0.000000
0.000000
0.000000
0.000000
0.000000
0.000000
0.000000
0.000000
0.510228
-0.184967
0.000000
0.000000
0.000000
0.000000
0.000000
0.717532
0.000000
0.000000
0.000000
0.000000
0.000000
0.000000
0.000000
0.000000
0.000000
0.000000
0.000000
0.000000
0.984151
0.000000
0.869142
-0.995257
0.000000
0.000000
0.000000
0.000000
0.000000
0.000000
0.000000
0.000000
0.756846
0.000000
0.000000
0.000000
0.000000
0.000000
0.000000
0.000000
0.000000
0.000000
0.000000
0.000000
0.000000
0.000000
0.000000
0.000000
0.920271
-0.435142
0.000000
0.000000
0.000000
-0.977767
0.305673
0.000000
0.000000
0.000000
0.000000
-0.958437
-0.725208
0.000000
0.938883
0.000000
0.000000
0.000000
0.000000
0.000000
0.000000
0.000000
0.000000
0.000000
0.000000
0.000000
0.000000
0.000000
0.000000
0.000000
0.000000
-0.593293
0.802658
0.000000
0.000000
0.000000
0.000000
-0.960782
0.876245
0.821566
0.000000
0.187996
0.000000
0.000000
0.000000
0.000000
0.000000
0.000000
0.000000
0.000000
0.000000
0.000000
-0.924487
0.000000
0.000000
0.000000
0.000000
0.000000
0.000000
0.000000
0.000000
0.000000
-0.359608
-0.991046
0.680068
0.000000
0.000000
0.000000
0.000000
0.000000
0.000000
0.000000
0.000000
0.000000
0.000000
0.000000
0.000000
0.000000
0.000000
0.849562
-0.028880
0.000000
0.000000
0.000000
0.000000
0.000000
0.000000
0.000000
0.000000
0.000000
0.000000
0.000000
-0.488297
0.000000
0.000000
0.000000
0.000000
0.000000
0.000000
0.000000
0.000000
0.000000
0.000000
-0.079090
0.000000
0.000000
0.000000
0.000000
0.000000
0.000000
0.000000
0.000000
0.000000
0.606043
0.000000
0.000000
0.000000
0.000000
0.000000
0.000000
0.000000
0.000000
0.000000
0.000000
-0.843851
-0.674028
0.000000
0.000000
0.000000
0.000000
0.000000
0.046337
0.000000
0.000000
0.000000
0.000000
-0.676876
0.000000
0.000000
0.000000
0.000000
0.000000
0.000000
0.000000
0.000000
-0.735370
0.000000
0.980720
0.000000
0.000000
0.000000
0.000000
0.000000
0.000000
0.000000
0.000000
0.000000
0.000000
-0.481679
0.000000
0.000000
0.000000
0.000000
0.478070
0.000000
0.000000
0.000000
-0.168881
0.000000
0.000000
0.000000
0.000000
0.000000
0.000000
0.000000
0.000000
0.521330
-0.972062
0.000000
0.000000
0.000000
0.000000
0.000000
0.000000
-0.593653
0.000000
0.000000
0.000000
0.000000
0.000000
0.000000
0.000000
-0.967692
0.000000
0.000000
0.000000
0.000000
0.332672
0.000000
0.000000
0.316927
0.000000
0.000000
0.241038
0.000000
0.000000
0.000000
0.000000
0.000000
0.000000
0.000000
0.000000
0.000000
0.000000
-0.056948
0.000000
0.000000
0.000000
-0.439660
0.000000
0.000000
0.000000
0.000000
0.000000
0.000000
0.000000
0.921871
0.000000
0.000000
0.000000
0.000000
0.000000
0.000000
0.000000
0.000000
0.000000
0.000000
-0.256436
-0.907562
0.000000
0.000000
0.000000
0.000000
0.000000
0.000000
0.000000
0.000000
0.000000
-0.902357
0.000000
0.000000
0.000000
0.417019
0.000000
0.000000
0.390874
0.000000
0.000000
-0.405366
0.000000
0.000000
0.000000
0.960265
0.000000
0.000000
0.000000
0.000000
0.000000
0.000000
0.000000
0.000000
0.000000
-0.057569
0.000000
0.000000
0.000000
0.000000
0.000000
0.939844
-0.702043
0.000000
0.000000
0.000000
0.000000
0.285911
0.000000
0.000000
0.000000
0.517147
0.000000
0.000000
0.000000
0.000000
-0.360956
0.144250
0.000000
0.000000
0.830132
0.000000
0.000000
0.488594
0.000000
0.000000
0.000000
0.180008
0.000000
-0.851635
0.000000
0.000000
0.000000
0.000000
0.000000
0.000000
0.000000
0.000000
0.650251
0.000000
0.318739
0.185135
0.000000
-0.204615
0.000000
0.000000
0.000000
0.000000
-0.669583
0.000000
0.000000
0.294431
0.756090
0.000000
0.000000
0.000000
0.000000
0.000000
0.511468
-0.622879
0.000000
0.000000
0.000000
0.000000
0.000000
0.000000
0.000000
0.000000
-0.106992
0.000000
0.000000
0.000000
-0.040564
0.000000
0.000000
0.000000
0.000000
0.000000
0.000000
0.000000
0.000000
0.000000
0.000000
0.000000
0.000000
-0.815077
0.000000
-0.278856
0.000000
0.000000
0.000000
0.000000
0.000000
0.000000
0.000000
0.000000
0.000000
0.000000
0.000000
0.000000
0.000000
0.000000
0.000000
0.000000
0.000000
0.000000
0.000000
0.000000
0.000000
0.000000
-0.634558
0.000000
0.000000
0.021718
0.000000
0.000000
0.000000
0.000000
-0.417730
0.000000
0.000000
0.548424
0.000000
0.000000
0.000000
0.173093
0.000000
0.000000
0.000000
0.512289
0.000000
0.000000
0.000000
0.000000
0.000000
0.000000
-0.625049
0.000000
0.000000
0.000000
0.000000
0.000000
0.000000
0.000000
0.000000
0.000000
0.000000
0.000000
-0.811670
0.000000
0.000000
0.840628
0.000000
0.000000
0.000000
0.000000
0.000000
0.000000
0.000000
0.187372
0.000000
0.000000
0.000000
0.000000
0.000000
0.000000
0.000000
0.000000
-0.570116
0.000000
0.368339
0.000000
0.000000
0.000000
0.065446
0.000000
0.000000
0.000000
0.000000
0.000000
-0.852644
0.000000
-0.255853
0.000000
0.000000
0.000000
0.572008
-0.293832
0.000000
0.000000
0.000000
0.000000
0.000000
0.000000
0.000000
0.000000
-0.048522
0.000000
0.000000
0.000000
0.791199
0.000000
0.000000
0.000000
0.000000
0.000000
0.000000
0.000000
0.000000
0.000000
0.000000
0.000000
0.000000
0.016653
0.000000
0.000000
0.798403
0.000000
0.000000
0.000000
0.000000
-0.697277
0.000000
0.614020
0.000000
0.000000
0.000000
0.000000
0.000000
-0.963829
0.872497
0.000000
0.000000
0.000000
0.000000
0.000000
0.000000
0.000000
0.000000
0.000000
0.000000
-0.011169
0.000000
-0.589805
0.000000
-0.000275
0.000000
0.000000
0.000000
-0.746817
0.000000
0.000000
0.000000
0.000000
0.000000
0.000000
0.318285
0.000000
-0.861649
0.000000
0.000000
0.000000
0.000000
0.000000
-0.498316
-0.185449
-0.908124
0.000000
0.000000
0.000000
0.000000
-0.246545
0.000000
0.000000
0.449318
0.000000
0.000000
0.000000
0.000000
0.000000
0.000000
0.000000
0.000000
0.000000
0.000000
0.000000
0.000000
0.000000
0.000000
0.000000
0.000000
0.000000
0.000000
0.112493
-0.867200
0.000000
-0.855192
0.000000
0.000000
0.688740
0.000000
0.000000
0.000000
0.000000
0.281018
0.000000
0.000000
-0.321904
-0.912926
0.000000
0.000000
0.000000
0.000000
0.967013
0.000000
0.000000
0.000000
0.000000
0.000000
0.000000
0.000000
0.000000
0.000000
0.000000
0.000000
0.000000
0.000000
0.000000
0.967396
0.000000
0.000000
0.000000
0.102170
0.000000
0.000000
0.000000
0.000000
-0.166919
-0.244780
0.000000
0.000000
0.000000
0.000000
0.000000
0.653291
-0.632251
-0.318394
0.000000
0.000000
0.000000
0.000000
0.000000
-0.657654
0.000000
0.000000
0.000000
0.000000
-0.136483
0.000000
0.449232
0.000000
0.000000
-0.805194
-0.212448
0.000000
-0.903473
0.000000
0.000000
0.000000
0.000000
0.000000
0.000000
0.000000
0.733015
0.000000
0.885176
0.000000
0.000000
0.000000
0.000000
0.000000
0.000000
0.000000
0.000000
0.000000
-0.757343
0.000000
0.000000
-0.634128
0.070284
0.000000
0.000000
0.000000
0.609539
0.000000
0.000000
0.000000
0.000000
0.000000
0.000000
0.000000
0.000000
0.000000
0.000000
-0.356680
0.000000
0.000000
-0.498733
0.000000
0.000000
0.000000
0.000000
0.000000
0.526602
0.000000
0.000000
0.000000
0.000000
-0.137752
0.000000
0.000000
0.000000
0.000000
0.000000
0.000000
0.000000
0.000000
0.000000
0.000000
0.000000
0.000000
0.000000
0.000000
0.000000
0.000000
0.000000
0.000000
0.000000
0.000000
0.000000
0.000000
0.000000
0.000000
0.000000
0.000000
0.000000
0.000000
0.000000
-0.547281
0.000000
0.000000
0.656601
0.000000
0.000000
0.000000
0.000000
0.000000
0.000000
0.000000
0.000000
-0.906323
0.000000
0.000000
0.000000
0.000000
0.000000
0.000000
0.000000
0.000000
0.000000
0.000000
0.000000
0.000000
0.000000
0.000000
0.000000
0.000000
0.000000
0.000000
0.000000
0.064982
-0.899863
-0.490535
0.000000
0.000000
0.000000
-0.447067
0.000000
-0.730890
0.000000
0.000000
0.000000
0.000000
0.000000
0.000000
0.000000
0.000000
0.000000
0.000000
0.000000
0.000000
0.000000
0.000000
0.559894
0.000000
0.000000
0.000000
0.692750
0.000000
-0.082363
0.000000
0.000000
0.327956
0.000000
0.000000
0.000000
0.000000
0.000000
0.000000
0.000000
0.000000
0.000000
-0.709733
0.000000
0.000000
0.000000
0.000000
0.000000
0.000000
0.000000
0.000000
0.000000
0.000000
0.190828
0.920087
-0.400973
0.000000
-0.783574
0.261651
0.000000
0.000000
0.000000
0.000000
0.000000
0.526932
-0.418579
0.000000
0.000000
0.000000
0.000000
0.000000
0.000000
-0.985398
0.000000
0.000000
0.000000
0.000000
0.359694
0.000000
0.000000
0.000000
-0.249364
0.000000
0.000000
0.000000
0.575459
0.000000
0.000000
0.000000
0.000000
0.534161
0.000000
0.000000
0.000000
0.000000
0.000000
0.000000
0.000000
0.000000
0.000000
-0.481721
0.000000
0.000000
0.000000
0.000000
0.000000
0.000000
0.000000
0.000000
0.000000
0.000000
0.000000
0.191043
0.000000
0.000000
0.000000
0.000000
0.000000
-0.587133
0.000000
0.000000
0.000000
0.000000
0.094213
0.000000
0.000000
0.000000
0.000000
0.000000
0.000000
0.622467
0.000000
0.000000
0.000000
-0.555723
0.000000
0.000000
0.000000
0.000000
0.711378
0.606014
0.000000
0.000000
0.614240
0.000000
0.000000
-0.781550
0.000000
0.000000
0.000000
0.000000
0.000000
0.000000
0.000000
0.000000
-0.354848
0.025311
0.000000
0.000000
0.000000
0.000000
0.000000
0.000000
0.000000
0.000000
0.000000
0.000000
0.000000
0.000000
0.000000
0.000000
0.000000
0.000000
0.000000
0.000000
0.000000
0.000000
0.000000
0.000000
0.490753
0.000000
0.000000
0.000000
0.000000
0.000000
0.000000
0.000000
0.000000
0.593223
0.000000
0.000000
-0.317107
0.000000
0.000000
0.000000
0.000000
-0.994267
0.000000
0.000000
0.000000
0.000000
0.697483
0.000000
0.000000
-0.205969
0.000000
0.000000
0.000000
0.000000
0.000000
0.000000
0.000000
0.000000
0.000000
0.000000
0.000000
0.000000
0.000000
0.000000
0.000000
-0.747555
0.000000
0.000000
0.000000
-0.214018
0.000000
0.000000
0.000000
0.000000
0.000000
0.000000
-0.593009
0.000000
0.000000
0.000000
0.000000
0.000000
0.000000
0.000000
0.000000
-0.079031
0.000000
0.000000
0.000000
0.000000
0.000000
0.565461
-0.014363
-0.129817
-0.514308
0.000000
0.000000
-0.132679
-0.899161
0.000000
0.000000
0.000000
0.775660
0.000000
0.000000
0.000000
0.000000
0.000000
0.000000
0.000000
0.000000
0.000000
-0.970803
0.000000
0.000000
0.000000
0.000000
0.000000
0.000000
-0.236946
0.000000
0.000000
0.000000
0.000000
0.000000
0.000000
0.000000
-0.217134
0.693432
0.715876
0.000000
0.000000
0.000000
0.000000
0.000000
0.000000
-0.647893
0.000000
0.000000
0.328990
0.000000
0.000000
0.000000
0.000000
0.274867
0.000000
-0.754654
0.000000
0.223788
0.000000
0.000000
-0.153935
0.000000
0.000000
0.770756
0.000000
0.000000
0.000000
0.000000
0.000000
0.000000
0.164826
0.000000
0.307966
0.000000
0.000000
0.506757
0.000000
0.000000
0.000000
0.000000
0.000000
-0.519129
0.790778
0.000000
0.000000
-0.179431
0.000000
0.000000
0.000000
0.000000
0.000000
0.000000
0.000000
0.000000
0.000000
0.000000
-0.443638
0.000000
0.000000
0.000000
0.000000
0.000000
0.000000
0.000000
0.000000
-0.985005
0.000000
0.000000
0.000000
0.531571
0.251217
0.000000
0.365333
0.000000
0.000000
0.000000
0.000000
0.000000
0.000000
-0.121590
0.000000
0.347321
0.680206
0.000000
0.000000
0.000000
0.000000
0.000000
-0.728369
0.000000
0.000000
0.000000
0.000000
0.000000
0.000000
0.000000
0.000000
0.000000
0.000000
0.000000
0.000000
0.000000
0.000000
0.000000
0.000000
0.000000
0.000000
0.000000
0.000000
0.000000
0.000000
0.000000
0.000000
0.000000
0.000000
0.000000
0.000000
0.000000
0.000000
0.000000
0.000000
0.000000
-0.299647
0.000000
0.000000
0.000000
0.000000
0.000000
0.000000
0.000000
0.000000
0.000000
0.000000
0.000000
0.000000
0.000000
0.000000
0.000000
0.000000
-0.654154
0.000000
0.650675
0.000000
0.000000
0.000000
0.000000
0.000000
0.000000
0.000000
0.000000
0.000000
0.000000
0.029499
0.000000
0.000000
-0.478761
0.732892
0.000000
0.000000
0.857626
-0.722388
-0.810702
0.000000
0.367557
0.000000
0.000000
0.000000
0.357790
0.000000
-0.920749
0.000000
0.000000
0.000000
0.686878
0.419766
0.000000
0.000000
0.000000
0.000000
0.000000
0.000000
0.890231
0.000000
0.000000
-0.195328
0.000000
0.000000
-0.563560
0.000000
0.000000
-0.434259
0.770743
0.000000
0.000000
0.000000
0.000000
0.000000
0.000000
0.839980
0.000000
-0.156429
0.000000
0.000000
0.000000
0.000000
0.000000
0.000000
0.000000
-0.948305
0.000000
0.000000
0.000000
0.000000
-0.041417
0.000000
0.000000
0.000000
0.000000
0.000000
0.000000
-0.970662
0.000000
0.000000
0.000000
0.000000
0.000000
0.000000
0.000000
-0.009682
0.000000
0.000000
0.000000
0.000000
0.000000
0.000000
0.000000
0.000000
0.000000
0.954646
0.000000
0.000000
0.000000
0.000000
0.000000
0.000000
0.000000
-0.614962
0.000000
0.000000
0.000000
-0.540817
0.000000
0.000000
0.000000
0.000000
0.000000
0.000000
0.000000
0.000000
0.000000
0.000000
0.000000
0.000000
0.000000
0.321721
0.000000
0.000000
0.000000
0.000000
0.000000
0.000000
0.000000
0.000000
0.000000
0.000000
0.000000
0.000000
0.000000
0.505398
0.000000
0.000000
0.000000
0.000000
0.000000
